Circles (Lagrange)
initial_masses = (10, 10, 10)
initial_positions = ([3, 0, 0], 
                     [-1.5, 2.6, 0], 
                     [-1.5, -2.598076211353316, 0])
initial_velocities = ([0, 0.5, 0], 
                      [-0.43301270189221935, -0.25, 0], 
                      [0.43301270189221935, -0.25, 0])

Figure 8
initial_masses = (1, 1, 1)
initial_positions = ([0.97000436, -0.24308753, 0], 
                     [-0.97000436, 0.24308753, 0], 
                     [0, 0, 0])
initial_velocities = ([0.466203685, 0.43236573, 0], 
                      [0.466203685, 0.43236573, 0], 
                      [-0.93240737, -0.86473146, 0])

Butterfly
initial_masses = (1, 1, 1)
initial_positions = ([-1, 0, 0], 
                     [0, 0, 0], 
                     [1, 0, 0])
initial_velocities = ([0.306893, 0.125507, 0], 
                      [-0.613786, -0.251014, 0], 
                      [0.306893, 0.125507, 0])

Broucke
initial_masses = (1, 1, 1)
initial_positions = ([0.0132604844, 0, 0], 
                     [1.4157286016, 0, 0], 
                     [-1.4289890859, 0, 0])
initial_velocities = ([0, 1.054151921, 0], 
                      [0, -0.2101466639, 0], 
                      [0, -0.84400525721, 0])

Hénon
initial_masses = (1, 1, 1)
initial_positions = ([0.4752073013, 0, 0], 
                     [1.2395152885, 0, 0], 
                     [-1.7147225898, 0, 0])
initial_velocities = ([0, 1.1801113507, 0], 
                      [0, -0.4523369153, 0], 
                      [0, -0.7277744354, 0])

Yarn
initial_masses = (1, 1, 1)
initial_positions = ([-1, 0, 0], 
                     [1, 0, 0], 
                     [0, 0, 0])
initial_velocities = ([0.464445, 0.39606, 0], 
                      [0.464445, 0.39606, 0], 
                      [-0.92889, -0.79212, 0])

Li, Liao: O2(1,2)
initial_masses = (1, 1, 1.2)
initial_positions = ([-1, 0, 0], 
                     [1, 0, 0], 
                     [0, 0, 1.02200578272669])
initial_velocities = ([-0.272600007460296, -0.432093711947155, 0.629473407171139], 
                      [-0.272600007460296, -0.432093711947155, -0.629473407171139], 
                      [0.45433334576716, 0.7201561865785917, 0])

Li, Liao: O8(0.6)
initial_masses = (1, 1, 0.6)
initial_positions = ([-1, 0, 0], 
                     [1, 0, 0], 
                     [0, 0, 0.723794540561745])
initial_velocities = ([0.2174530971365, -0.240235097321237, 0.480721353013616], 
                  [0.2174530971365, -0.240235097321237, -0.480721353013616], 
                  [-0.7248436571216667, 0.8007836577374566, 0])